24,10,16,10,21,16,6,7,13,13,13,16,16,10,14,13,2,7,21,2,21,7,11,15,15,7,13,18,8,18,7,7,19,13,1,3,20,16,2,10,15,14,13,4,13,21,6,20,16,15,18,17,20,19,6,13,7,9,4,19,19,15,6,7,16,4,5,2,18,8,17,7,2,5,9,7,4,9,8,21,19,21,10,1,4,7,21,2,15,6,5,8,15,16,19,19,11,15,2,2,15,13,17,17,13,8,17,13,19,19,19,13,1,5,16,20,13,10,13,8,8,16,8,16,7,7,7,19,6,21,8,10,14,14,7,16,7,16,7,14,13,10,8,15,7,17,8,11,7,13,5,2,21,13,6,4,19,8,7,20,19,10,10,2,14,13,10,7,14,21,21,16,17,19,10,5,8,4,2,14,7,13,17,14,6,2,18,7,13,7,9,7,13,9,8,15,8,21,8,17,7,13,8,10,15,1,5,6,15,5,19,19,11,10,15,20,6,7,7,8,16,16,18,13,13,13,8,4,21,8,16,21
24,6,16,10,21,16,10,7,13,13,13,16,6,2,14,13,13,7,21,2,21,7,11,15,15,7,13,18,8,18,5,5,19,15,1,7,20,16,2,10,15,14,13,4,13,21,6,20,16,7,13,17,9,20,10,13,13,7,8,13,19,15,5,7,16,4,13,2,16,8,17,7,2,5,9,15,4,9,7,21,19,21,10,1,9,7,21,2,15,6,5,8,15,16,19,19,11,15,4,17,21,13,15,13,2,13,20,19,18,5,19,20,13,4,13,8,8,16,8,16,7,7,7,6,21,8,10,5,14,15,16,7,16,15,21,13,10,8,16,2,17,8,11,7,13,5,7,21,2,7,19,19,15,7,20,19,10,10,4,14,13,10,15,14,16,21,16,17,19,13,15,9,9,2,14,7,13,17,14,5,2,18,7,13,7,7,7,13,9,8,15,7,21,8,17,8,13,15,10,15,6,5,6,15,5,19,19,11,9,7,15,5,7,7,13,9,3,16,16,18,13,13,13,8,4,21,8,16,21
24,10,16,10,21,16,6,7,13,13,13,16,16,10,14,13,13,7,21,2,21,7,11,15,15,7,13,18,8,18,7,7,19,13,1,3,20,16,2,10,15,14,13,4,13,21,6,20,16,15,18,17,20,19,6,13,7,9,4,19,19,15,6,7,16,4,5,2,18,8,17,7,2,5,9,7,4,9,8,21,19,21,10,1,9,7,21,2,15,6,5,8,15,16,19,19,11,15,2,2,15,13,17,17,13,8,17,13,19,19,19,13,1,5,16,20,13,10,13,8,8,16,8,16,7,7,7,19,6,21,8,10,14,14,7,16,7,16,7,14,13,10,8,15,7,17,8,11,7,13,5,2,21,13,6,4,19,8,7,20,19,10,10,2,14,13,10,7,14,21,21,16,17,19,10,5,8,4,2,14,7,13,17,14,6,2,18,7,13,7,9,7,13,9,8,15,8,21,8,17,7,13,8,10,15,1,5,6,15,5,19,19,11,10,15,20,6,7,7,8,16,16,18,13,13,13,8,4,21,8,16,21
24,10,16,10,21,16,6,7,13,13,13,16,16,10,14,13,2,7,21,2,21,7,11,15,15,7,13,18,8,18,7,7,19,13,1,3,20,16,2,10,15,14,13,4,13,21,6,20,16,15,16,17,20,19,7,13,7,9,4,19,19,15,5,15,16,4,13,2,18,8,17,7,2,5,9,7,4,9,8,21,19,21,10,1,9,7,21,2,15,6,5,8,15,16,19,19,11,15,2,5,2,21,8,8,19,14,8,19,19,13,1,5,16,20,13,10,13,8,8,16,8,16,7,7,10,7,15,21,8,10,14,15,7,16,7,13,7,14,13,10,7,17,8,17,7,11,8,13,8,7,7,15,16,13,9,19,9,21,16,7,20,19,10,10,3,14,13,4,15,14,4,21,1,17,7,6,16,7,4,2,14,7,13,16,7,3,2,18,7,13,7,4,7,13,9,8,15,7,21,8,17,7,13,21,10,15,6,5,6,15,5,19,19,11,7,7,19,15,13,7,9,9,21,1,18,13,13,13,8,4,21,8,16,21
24,10,16,10,21,16,6,7,13,13,13,16,16,10,14,13,2,7,21,2,21,7,11,15,15,7,13,18,8,18,7,7,19,13,1,3,20,16,2,10,15,14,13,4,13,21,6,20,16,15,16,17,20,19,5,15,7,9,4,19,19,15,5,7,16,4,13,2,18,8,17,7,2,5,9,7,4,9,8,21,19,21,10,1,9,7,21,2,15,6,5,8,15,16,19,19,11,15,2,5,2,21,8,8,19,14,8,19,19,13,1,5,16,20,13,10,13,8,8,16,8,16,7,7,10,7,15,21,8,10,14,15,7,16,7,13,7,14,13,10,7,17,8,17,7,11,8,13,8,7,7,15,16,13,9,19,9,21,16,7,20,19,10,10,3,14,13,4,15,14,4,21,1,17,7,6,16,7,4,2,14,7,13,16,7,3,2,18,7,13,7,4,7,13,9,8,15,7,21,8,17,7,13,21,10,15,6,5,6,15,5,19,19,11,7,7,19,15,13,7,9,9,21,1,18,13,13,13,8,4,21,8,16,21
24,10,16,10,21,10,10,7,13,14,13,21,16,4,14,7,10,8,21,7,21,8,11,15,17,7,13,5,7,16,7,7,9,7,15,15,20,9,20,17,2,10,7,14,7,2,13,21,6,20,21,13,2,8,19,19,2,7,4,20,19,9,15,19,14,16,7,1,6,7,2,17,7,17,9,14,5,8,7,4,9,10,18,7,21,10,21,9,7,16,8,14,6,5,8,15,16,19,19,11,15,2,5,4,15,15,13,2,9,5,18,19,19,19,13,1,5,16,20,13,10,13,8,8,16,8,16,7,7,10,7,15,21,8,10,14,15,7,16,7,13,7,14,13,10,7,17,8,17,7,11,8,13,8,7,7,5,16,13,2,18,9,21,16,7,20,19,10,10,3,14,13,19,15,14,4,21,1,17,19,6,16,7,4,2,14,7,13,16,7,9,2,18,7,13,7,4,7,13,9,8,15,7,21,8,17,7,13,21,10,15,6,5,6,15,5,19,19,11,11,7,19,15,13,7,7,8,19,16,16,18,13,13,13,8,4,21,8,16,21
24,6,16,10,21,16,6,7,13,13,13,21,16,4,14,13,13,7,21,2,21,7,11,15,15,7,13,18,8,18,7,9,15,20,1,7,20,16,2,10,15,14,13,4,13,21,6,20,16,13,2,17,4,7,4,8,5,13,13,8,8,5,19,8,15,14,16,4,13,2,18,8,17,7,2,5,5,7,4,9,8,21,19,21,10,1,9,7,21,4,15,6,5,8,15,16,19,19,11,8,8,5,2,8,13,19,7,17,7,20,7,7,19,19,19,19,19,13,1,5,16,20,13,10,13,8,8,16,8,16,7,7,10,7,16,21,8,10,7,14,7,15,7,13,8,14,13,10,2,16,8,17,7,11,7,13,7,7,7,9,17,13,7,9,19,16,19,20,19,10,10,21,14,13,15,15,14,4,21,21,17,21,2,9,9,10,2,14,7,13,16,14,5,2,18,7,13,7,4,7,13,8,7,15,7,21,8,17,7,13,21,2,7,6,5,6,15,5,19,19,11,15,15,20,5,5,7,21,7,13,20,16,18,13,13,13,8,4,21,8,16,21
24,10,16,10,21,16,6,7,13,13,13,16,16,10,14,13,2,7,21,2,21,7,11,15,15,7,13,18,8,18,7,7,19,13,1,3,20,16,2,10,15,14,13,4,13,21,6,20,16,15,18,17,2,19,5,13,7,9,4,19,19,15,5,7,16,4,13,2,18,8,17,7,2,5,9,7,4,9,8,21,19,21,10,1,9,7,21,2,15,6,5,8,15,16,19,19,11,4,8,3,13,7,3,5,9,20,13,10,13,8,1,16,8,16,7,7,10,7,16,21,8,10,14,14,7,16,7,13,15,14,13,10,2,16,8,17,7,11,7,13,7,2,7,9,17,13,7,9,8,16,4,20,19,10,10,21,14,13,8,15,14,4,21,21,17,19,19,9,5,10,2,14,7,13,16,14,5,2,18,7,13,7,4,7,13,8,7,15,7,21,15,17,8,13,21,10,15,6,5,6,15,5,19,19,11,10,7,19,5,2,19,8,3,14,15,21,21,18,13,8,13,8,4,16,8,16,21
24,10,16,10,21,16,10,7,13,15,6,16,4,4,14,13,15,7,16,4,16,7,11,4,15,7,13,19,8,18,8,7,19,9,1,3,20,16,2,10,15,14,13,10,13,21,6,20,1,13,16,17,19,7,13,9,13,5,8,7,19,9,10,4,18,4,13,2,16,8,17,8,15,5,4,7,8,7,8,15,19,1,6,21,7,7,21,2,7,6,5,8,15,16,19,19,11,15,2,6,2,5,8,2,18,13,9,20,13,10,13,8,21,16,8,16,7,7,5,17,16,1,8,10,7,14,5,7,21,15,16,7,21,13,6,2,15,8,17,9,11,2,15,7,6,7,16,5,17,19,13,9,7,18,1,3,20,19,10,10,4,14,13,10,14,14,4,21,21,17,19,21,15,7,9,21,6,7,13,16,14,5,2,18,7,13,7,13,7,13,8,5,18,8,21,8,17,7,7,21,10,15,6,5,16,15,16,19,19,11,10,10,9,9,6,5,14,19,8,18,13,13,13,8,4,16,6,17,4
24,10,16,10,21,16,10,7,13,15,6,16,4,4,14,13,15,7,16,4,16,7,11,4,16,7,13,19,8,21,8,6,21,7,17,3,20,16,2,10,15,14,13,4,13,21,6,20,1,13,13,18,13,14,6,5,13,6,8,17,19,15,10,4,18,10,13,2,16,8,1,8,6,5,8,7,8,5,8,15,19,1,6,21,7,7,21,2,7,6,5,8,15,16,19,19,11,8,8,6,5,7,7,13,21,18,5,19,20,13,10,13,8,21,16,8,16,7,7,5,21,16,1,8,10,7,14,5,7,21,15,16,7,14,13,6,2,15,8,17,9,11,4,7,7,10,7,21,21,19,7,7,9,9,4,5,19,21,15,20,19,10,10,4,14,13,10,14,14,4,21,21,17,19,20,15,7,8,2,6,7,13,16,14,5,2,18,7,13,7,13,7,13,8,5,18,8,21,8,17,7,7,21,10,15,6,5,16,15,16,19,19,11,3,10,19,19,9,8,14,20,8,18,13,10,13,8,4,16,6,17,4
24,10,16,21,21,16,10,7,13,15,6,16,4,2,14,13,15,7,16,4,16,7,11,4,15,7,13,19,8,18,8,9,19,5,17,9,20,16,2,10,15,8,13,10,13,21,6,20,1,13,20,1,19,14,9,7,13,9,8,13,19,15,10,4,18,10,13,2,16,8,1,8,2,5,8,7,17,7,8,15,19,1,6,21,7,7,21,2,7,6,5,8,15,16,19,19,11,15,7,7,7,13,20,19,19,18,5,19,20,13,10,13,8,21,16,8,16,7,7,5,17,16,1,8,10,18,14,5,7,21,15,16,7,21,13,6,2,15,8,17,4,11,4,7,7,10,7,16,21,19,7,7,3,9,9,9,19,21,15,20,19,10,10,4,14,13,10,14,14,4,21,21,21,19,20,15,7,8,2,6,7,13,16,14,5,2,18,7,13,7,13,7,13,8,6,18,8,21,8,17,7,7,21,6,15,6,5,16,15,16,19,19,11,10,10,19,19,7,8,14,14,8,18,13,10,13,8,4,16,6,17,4
24,10,16,14,21,16,10,7,13,15,6,16,4,4,14,13,15,7,16,4,16,7,11,4,15,7,13,19,8,18,8,13,19,19,17,3,20,16,2,10,15,14,13,10,13,21,6,20,1,13,20,17,9,14,6,7,13,13,8,5,19,7,10,2,18,10,13,2,16,8,1,8,2,5,8,7,17,7,8,15,19,1,6,21,7,2,21,2,7,5,5,8,15,16,19,19,11,15,2,6,15,8,17,18,13,1,16,17,16,14,18,5,19,20,13,10,13,8,21,16,8,16,7,7,5,17,16,1,8,10,7,14,5,7,21,15,16,7,21,13,6,2,15,8,17,9,11,4,7,7,10,7,16,21,7,7,7,9,9,4,9,19,17,15,20,19,10,10,4,14,13,10,14,14,4,21,21,17,19,20,15,7,8,2,6,7,13,16,14,5,2,18,7,13,7,13,7,13,8,5,18,8,21,8,17,7,7,21,10,15,6,5,16,15,16,18,19,11,10,10,19,19,7,8,14,20,8,18,13,10,13,8,4,16,6,17,4
24,10,16,14,21,16,10,7,13,15,6,16,4,4,14,13,15,7,16,4,16,7,11,4,15,7,13,19,8,18,8,13,19,19,17,3,20,16,2,10,15,14,13,10,13,21,16,20,1,13,20,17,7,14,9,7,13,6,8,7,19,15,10,4,18,10,5,2,16,8,1,8,2,5,8,7,17,7,8,15,19,1,6,21,7,2,21,2,7,5,5,8,15,16,19,18,11,15,2,6,15,8,17,18,13,1,21,17,16,14,18,5,19,20,13,10,13,8,21,16,8,16,7,7,5,17,16,1,8,10,7,14,5,7,21,7,16,7,21,13,6,2,15,8,17,9,11,4,7,7,10,7,16,21,7,7,7,9,9,4,9,19,21,15,20,19,10,10,4,14,13,10,14,14,9,21,21,17,19,20,8,7,8,2,6,7,13,16,14,5,2,18,7,13,7,13,7,13,8,5,18,8,21,8,17,9,7,21,10,15,6,5,16,15,16,19,19,11,10,10,19,19,2,8,14,20,8,18,13,10,13,8,4,16,6,17,4
24,10,16,14,21,16,10,7,13,15,6,16,4,4,14,13,15,7,16,4,16,7,11,4,15,7,13,19,8,18,8,13,19,19,17,3,20,16,2,10,15,14,13,10,13,21,6,20,1,13,20,17,7,14,9,10,13,6,8,9,19,15,10,4,18,10,5,2,16,8,1,8,2,5,8,7,17,7,8,15,19,1,6,21,7,2,21,2,7,5,5,8,15,16,19,19,11,15,2,6,15,8,17,18,13,1,21,17,16,14,18,5,19,20,13,10,13,8,21,16,8,16,7,7,5,17,16,1,8,10,7,14,5,7,21,7,16,7,21,13,6,2,15,8,17,9,11,4,7,7,10,7,16,21,7,7,7,9,9,4,9,19,21,15,20,19,10,10,4,14,13,10,14,14,9,21,21,17,19,20,8,7,8,2,6,7,13,16,14,5,2,18,7,13,7,13,7,13,8,5,18,8,21,8,17,9,7,21,10,15,6,5,16,15,16,19,19,11,10,10,19,19,2,8,14,20,8,18,13,10,13,8,4,16,6,17,4
24,10,16,10,21,10,6,7,13,14,13,21,16,4,14,7,6,8,21,7,21,8,11,8,16,7,13,13,7,17,7,7,19,19,20,7,20,17,2,10,14,15,13,4,13,21,6,20,17,13,2,17,19,8,7,13,7,8,19,18,9,14,7,21,4,7,2,16,8,1,7,16,5,8,7,4,9,10,18,7,21,4,21,7,7,16,8,15,15,5,8,15,16,19,19,11,15,2,13,2,6,21,21,5,19,20,13,10,13,8,21,16,8,16,7,7,6,16,16,21,8,10,7,14,13,8,21,7,21,7,14,13,6,2,15,8,21,7,11,2,15,7,10,7,18,7,7,7,19,21,15,20,19,10,10,4,14,13,10,15,14,2,21,21,17,18,13,15,7,7,2,15,8,13,17,14,5,2,18,7,13,7,13,7,13,8,5,18,8,21,8,17,9,2,21,6,14,6,5,18,15,21,19,19,11,10,10,19,13,2,7,14,21,8,18,13,13,13,8,4,16,6,17,4
24,10,16,10,21,10,6,7,13,14,13,21,16,4,14,7,6,8,21,7,21,8,11,8,16,7,13,13,7,17,9,7,19,19,20,7,20,17,2,10,7,15,13,4,13,21,6,20,17,13,2,17,19,8,7,13,7,8,7,19,9,14,7,21,4,7,2,16,8,1,7,16,5,8,7,4,9,10,18,7,21,4,21,7,7,16,8,15,15,5,8,15,16,19,19,11,15,2,6,7,19,20,19,18,5,21,20,13,2,13,8,21,16,17,16,7,7,6,17,16,21,8,10,7,14,13,8,21,7,21,7,14,13,6,2,15,8,21,7,11,2,15,7,10,7,18,7,7,9,19,21,15,20,19,10,10,2,14,13,10,15,14,2,21,21,17,19,5,16,7,7,2,15,15,13,17,14,5,2,18,7,13,7,13,7,13,8,5,18,8,21,8,17,7,2,21,6,14,6,5,18,15,16,19,19,11,10,10,19,7,2,7,14,2,8,18,13,10,13,8,4,16,6,17,4
24,10,16,10,21,10,6,7,13,14,13,21,16,4,14,7,10,8,21,7,21,8,11,8,16,7,13,13,7,17,7,7,13,13,19,19,20,9,20,17,2,10,14,14,13,4,13,21,6,20,17,13,19,17,19,19,7,13,7,8,18,19,9,14,7,21,4,7,2,16,17,17,7,16,5,8,7,4,9,10,18,7,21,4,21,7,7,16,8,15,15,5,8,15,16,19,19,11,15,2,15,14,2,19,9,20,9,19,13,20,18,5,14,20,13,10,13,8,21,16,8,16,7,7,6,17,16,21,8,10,7,14,13,8,21,7,21,7,14,13,6,2,15,8,21,7,11,2,15,7,10,7,16,7,7,8,19,21,15,20,19,10,10,4,14,13,10,15,14,2,21,21,18,19,13,15,7,7,2,15,8,13,17,14,5,2,18,7,2,7,13,7,13,8,5,18,8,21,8,17,7,2,21,6,14,6,5,18,15,16,19,19,11,10,10,19,5,16,7,14,20,8,18,13,10,13,8,4,16,6,17,4
24,10,16,10,21,10,6,7,13,14,13,21,16,4,14,7,6,8,21,7,21,8,11,8,16,7,13,13,7,17,7,7,13,13,19,19,20,9,20,17,2,10,3,14,13,4,13,21,6,20,17,13,19,17,19,19,7,13,7,8,18,19,9,14,7,21,4,7,2,16,8,17,7,16,5,8,7,4,9,10,18,7,21,4,21,7,7,16,8,15,15,5,8,15,16,19,19,11,15,2,15,14,2,19,9,18,9,19,13,20,18,5,14,20,13,10,13,8,21,16,8,16,7,7,6,17,16,21,8,10,7,14,13,8,21,7,21,7,14,13,6,2,15,8,21,7,11,2,15,7,10,7,16,7,7,8,19,21,15,20,19,10,10,4,14,13,10,15,14,2,21,21,18,19,13,15,7,7,2,15,8,13,17,14,5,2,18,7,2,7,13,7,13,8,5,18,8,21,8,17,7,2,21,6,14,6,5,18,15,16,19,19,11,10,10,19,5,16,7,14,20,8,18,13,10,13,8,4,16,6,17,4
24,10,16,10,21,10,6,7,13,14,13,21,16,4,14,7,10,8,21,7,21,8,11,8,16,7,13,13,7,17,7,7,18,9,19,19,20,7,20,17,2,3,3,14,13,4,13,21,6,20,17,13,19,17,19,19,7,13,7,8,19,7,9,14,7,21,4,7,2,16,8,17,7,16,5,8,7,4,9,10,18,7,21,8,21,7,7,16,8,15,15,5,8,15,16,19,19,11,15,2,13,19,9,20,9,19,18,5,19,20,13,10,13,8,21,16,8,16,7,7,6,17,16,1,8,10,7,14,15,8,21,7,16,7,14,13,6,2,15,8,21,7,11,2,15,7,10,7,16,5,9,9,21,16,20,19,10,10,4,14,13,10,15,14,2,21,21,17,19,13,15,7,8,2,15,8,13,17,14,15,2,18,7,13,7,13,7,13,8,6,18,8,21,8,17,7,7,21,10,7,6,5,18,15,16,19,19,11,10,10,19,9,9,20,14,14,20,8,18,13,10,13,8,4,16,6,17,4
24,6,16,4,21,6,6,7,13,13,13,21,16,10,14,13,13,7,1,4,21,7,11,16,15,7,13,18,17,18,7,9,3,20,1,9,20,16,2,10,7,14,6,4,13,21,6,20,16,15,6,17,2,7,4,7,17,9,7,15,8,3,19,15,6,7,16,4,13,2,18,8,17,7,2,5,5,7,4,7,15,16,19,21,10,1,8,5,21,2,8,6,5,8,13,16,19,19,11,7,2,9,19,19,13,7,8,19,5,19,20,13,10,13,8,8,21,8,16,7,7,5,17,21,21,8,10,7,14,15,17,21,7,16,7,14,13,6,2,16,7,18,7,11,2,15,7,10,18,16,13,7,7,17,3,20,19,10,10,2,8,9,13,7,14,2,21,21,17,4,19,15,7,6,7,1,7,13,17,14,7,2,18,7,13,7,13,7,13,8,5,18,8,21,7,17,9,8,16,6,7,6,5,17,15,5,19,19,11,10,10,7,3,7,20,14,18,8,18,13,7,13,8,9,21,6,16,4
24,6,16,10,21,16,10,7,13,13,13,21,16,4,14,13,13,7,21,2,21,7,11,15,15,7,13,18,8,18,7,7,18,15,1,3,20,16,2,10,15,14,13,4,13,21,6,20,17,7,16,17,5,8,2,13,15,8,19,19,15,5,7,16,4,13,2,18,8,17,7,2,5,9,15,4,9,7,21,19,21,10,1,9,7,21,2,15,6,5,8,15,16,19,19,11,15,2,21,13,9,18,19,19,13,1,5,16,20,13,10,13,8,8,16,8,16,7,7,6,17,16,21,8,10,7,14,13,8,21,7,16,7,14,13,6,2,15,8,21,7,11,2,15,7,10,7,17,13,7,7,21,3,20,19,10,10,4,14,13,10,15,14,2,21,21,17,4,19,15,7,10,7,21,7,13,17,14,5,2,18,7,13,7,13,7,13,8,5,18,8,21,8,17,7,2,21,6,14,6,5,18,15,16,19,19,11,3,10,7,7,2,21,14,3,8,18,13,10,13,8,4,16,6,17,4
24,10,16,10,21,10,10,20,13,15,13,21,21,4,14,7,6,8,21,7,21,8,11,15,16,19,13,13,7,18,7,13,19,19,20,7,20,17,2,10,7,14,6,4,13,21,6,20,17,13,6,17,9,3,13,13,19,16,8,19,9,14,7,21,6,7,2,16,8,17,7,16,5,8,7,4,9,10,18,7,21,4,21,7,7,16,8,15,15,5,8,15,16,19,19,11,15,2,5,19,13,14,13,9,19,5,20,19,18,5,21,20,13,2,13,8,21,16,8,16,7,7,6,17,16,21,8,10,7,14,15,8,21,7,21,7,14,13,6,2,15,8,21,7,11,2,15,7,10,7,16,7,7,19,21,15,20,19,10,10,4,14,13,10,15,14,2,21,21,17,19,5,15,7,9,2,15,8,13,17,14,15,2,18,7,13,7,13,7,13,8,5,18,8,21,8,17,7,7,21,6,14,6,5,18,15,16,19,19,11,10,10,2,7,9,20,14,14,15,21,8,18,13,13,13,8,4,16,6,17,4
24,10,16,10,21,16,10,7,13,15,6,16,4,4,14,13,15,7,16,4,16,7,11,4,15,7,13,19,7,18,8,9,19,19,17,3,20,16,2,10,15,14,13,10,2,21,6,20,1,13,20,17,9,15,13,9,13,9,8,4,19,7,10,4,18,10,13,2,16,8,17,8,2,5,8,7,15,7,8,15,19,1,6,21,7,7,21,2,7,6,5,8,15,16,19,19,11,16,2,2,10,2,18,14,19,19,18,5,19,20,13,10,13,8,21,16,8,16,7,7,6,17,16,21,8,10,7,14,15,8,21,7,16,7,14,13,6,2,15,8,21,7,11,2,15,7,10,7,16,13,8,9,16,15,20,19,10,10,4,14,13,10,15,14,2,16,21,17,19,7,8,7,7,2,15,8,13,17,8,5,2,18,7,13,7,13,7,13,8,5,18,8,21,8,17,7,2,21,6,14,6,5,18,15,16,19,19,11,10,10,18,9,4,7,14,21,8,18,13,13,13,8,4,16,6,17,4
24,6,16,10,21,16,6,7,13,13,13,21,16,10,14,13,13,7,21,2,21,7,11,15,15,7,13,18,8,18,7,14,18,15,1,7,20,16,2,10,15,14,13,4,13,21,6,20,16,15,4,17,7,14,13,13,7,20,8,19,19,7,5,8,16,8,13,2,18,8,17,7,2,5,9,15,4,9,7,21,19,21,10,1,9,7,21,2,15,6,5,8,15,16,19,19,11,15,2,10,21,20,13,19,19,15,21,5,17,20,13,10,13,8,8,16,8,16,7,7,6,17,16,21,8,10,7,14,15,8,21,7,21,7,14,13,6,2,15,8,21,7,11,7,15,7,17,7,16,7,19,1,19,20,19,10,10,4,14,13,10,15,14,2,21,21,17,19,5,1,7,9,21,15,7,13,17,14,15,2,18,7,13,7,13,7,13,8,5,18,8,21,8,17,7,7,21,6,14,6,5,18,15,16,19,19,11,1,10,20,7,13,19,14,19,8,18,13,13,13,8,4,16,6,17,4
24,10,16,10,21,16,6,7,13,13,13,16,16,10,14,13,2,7,21,2,21,7,11,15,15,7,13,18,8,18,7,9,19,13,1,3,20,16,2,10,15,14,13,6,13,21,6,20,16,15,15,17,20,18,5,15,7,5,4,19,19,15,5,15,16,4,13,2,18,8,17,7,2,5,9,7,4,9,8,21,19,21,10,1,9,7,21,2,15,6,5,8,15,16,19,19,11,15,2,5,10,15,17,18,13,16,16,14,5,19,20,13,10,13,8,21,16,8,16,7,7,6,17,16,1,8,10,7,14,15,8,21,7,16,7,14,13,6,2,15,8,21,7,11,2,15,7,10,7,16,7,7,9,21,15,20,19,10,10,4,14,13,10,15,14,2,21,21,17,19,13,15,15,8,2,15,8,13,17,14,15,2,16,7,13,7,13,7,13,8,6,18,8,21,8,17,7,7,21,10,7,6,5,18,15,16,19,19,11,10,10,19,9,9,20,14,21,8,18,13,13,13,8,4,16,6,17,4
24,10,16,10,21,10,6,7,13,14,13,21,16,4,14,7,10,8,21,7,21,8,11,8,16,7,13,13,7,17,7,7,13,5,19,18,20,7,20,17,2,10,21,14,13,4,13,21,6,20,17,13,3,17,3,9,7,13,8,8,19,19,9,14,7,21,4,7,2,16,8,17,7,16,5,8,7,4,4,10,18,7,21,2,21,7,7,16,8,15,15,5,8,15,16,19,19,11,15,2,5,2,13,13,5,19,15,19,13,1,5,16,20,13,10,13,8,8,16,8,16,7,7,6,17,16,21,8,10,7,14,13,8,21,7,21,7,14,13,6,2,15,8,21,7,11,2,15,7,10,13,17,7,2,7,6,21,15,20,19,10,10,4,14,13,10,15,14,7,21,21,17,19,13,15,7,7,2,15,8,13,17,14,5,2,18,7,13,7,13,7,13,8,5,18,8,21,8,17,7,2,21,6,14,6,5,18,15,16,19,19,11,10,10,18,13,7,7,14,20,8,18,13,10,13,8,4,16,6,17,4
24,10,16,10,21,10,6,7,13,14,13,21,16,4,14,7,6,8,21,7,21,8,11,8,16,7,13,5,7,17,7,7,13,13,19,19,20,7,20,17,2,10,14,14,13,4,13,21,6,20,17,13,19,17,19,19,7,13,7,8,19,19,9,14,7,21,4,7,2,16,8,17,7,16,5,8,7,4,9,10,18,7,21,4,21,7,7,16,8,15,15,5,8,15,16,19,19,11,15,2,5,2,17,8,17,18,13,16,16,1,13,13,13,1,5,16,20,13,10,13,8,8,16,8,16,7,7,6,17,16,21,8,10,7,14,13,8,21,7,21,7,14,13,6,2,15,8,21,7,11,2,15,7,10,7,17,7,19,7,19,21,15,20,19,10,10,4,14,13,10,15,14,2,21,21,17,19,13,15,7,7,2,15,8,13,17,14,5,2,18,7,13,7,13,7,13,8,5,18,8,21,8,17,7,2,21,6,14,5,5,18,15,16,19,19,11,10,10,19,13,7,7,14,21,8,18,13,13,13,8,4,16,6,17,4
24,10,16,10,21,10,6,7,13,14,13,21,16,4,14,7,10,8,21,7,21,8,11,8,16,7,13,13,7,17,7,7,7,13,19,19,20,7,20,17,2,10,3,14,13,4,13,21,6,20,17,13,19,17,19,19,8,13,7,15,19,19,9,14,7,21,4,7,2,16,8,17,7,16,5,8,7,4,9,10,18,7,21,4,21,7,7,16,8,15,15,5,8,15,16,19,19,11,15,2,5,13,7,7,13,20,19,18,10,19,20,13,10,13,8,21,16,8,16,7,7,6,17,16,21,8,10,7,14,13,8,21,7,21,7,14,13,6,2,15,8,21,7,11,2,15,7,2,10,17,7,7,7,19,21,15,20,19,10,10,4,14,13,10,15,14,2,21,21,17,19,13,14,7,7,2,15,8,13,17,14,5,2,18,7,13,7,13,7,13,8,5,18,8,21,8,17,7,2,21,6,14,6,5,18,8,16,19,19,11,10,10,19,13,7,7,18,8,18,13,14,13,8,4,16,5,17,4
24,10,16,10,21,16,6,7,13,13,13,16,16,10,14,13,2,7,21,2,21,7,11,15,15,7,13,18,8,18,7,7,19,13,1,3,20,16,2,10,15,14,13,4,13,21,6,20,16,15,16,17,20,19,5,13,7,9,4,19,19,15,5,7,16,4,13,2,18,17,17,7,2,5,4,7,4,9,8,21,19,21,10,1,9,7,21,2,15,6,5,8,15,16,19,19,11,15,2,15,13,13,17,15,15,15,13,21,19,19,19,19,13,1,5,16,20,13,10,13,8,8,16,8,16,7,7,6,17,16,21,8,10,7,14,13,8,21,7,21,7,14,13,6,2,15,8,21,7,11,2,15,7,10,7,16,7,7,13,19,21,8,20,19,10,10,4,14,13,10,15,14,2,21,21,17,19,13,15,7,7,2,15,8,13,17,14,5,2,18,7,13,7,13,7,13,8,5,18,8,21,8,17,7,2,21,6,14,6,5,18,15,16,19,19,11,10,10,19,13,9,7,21,7,2,18,13,10,13,8,4,21,6,17,4
24,10,16,10,21,10,6,7,13,14,13,21,16,4,14,7,6,8,21,7,21,8,11,8,16,7,13,13,7,17,9,7,19,19,20,7,20,17,2,10,7,15,13,4,13,21,6,20,17,13,2,17,19,8,7,13,7,8,7,19,9,14,7,21,4,7,2,16,8,1,7,16,5,8,7,4,9,10,18,7,21,4,21,2,7,16,8,15,15,5,8,15,16,19,19,11,15,2,6,7,19,20,19,18,5,21,20,13,2,13,8,21,16,17,16,7,7,6,17,16,21,8,10,7,14,13,8,21,7,21,7,14,13,6,2,15,8,21,7,11,2,15,7,10,7,18,7,7,9,19,21,15,20,19,10,10,2,14,13,10,15,14,2,21,21,17,7,5,16,7,7,2,15,15,13,17,14,5,2,18,7,13,7,13,7,13,15,5,18,8,21,8,17,7,2,21,6,14,6,5,18,15,16,19,19,11,10,10,19,7,2,7,14,2,8,18,13,10,13,8,4,16,6,17,4
24,10,16,10,21,10,6,7,13,14,13,21,16,4,14,7,6,8,21,7,21,8,11,8,16,7,13,13,7,17,7,7,7,13,19,19,20,7,20,17,2,10,14,14,13,4,13,21,6,20,17,13,19,17,19,19,8,13,7,15,19,19,9,14,7,21,4,7,2,16,8,17,7,16,5,8,7,4,9,10,18,7,21,4,21,7,7,16,8,15,15,5,8,15,16,19,19,11,15,2,5,13,7,7,13,20,19,18,10,19,20,13,10,13,8,21,16,8,16,7,7,6,17,16,21,8,10,7,14,13,8,21,7,21,7,14,13,6,2,15,8,21,7,11,2,15,7,2,10,17,7,7,7,19,21,15,20,19,10,10,4,14,13,10,15,14,2,21,21,17,19,13,14,7,7,2,15,8,13,17,14,5,2,18,7,13,7,13,7,13,8,5,18,8,21,8,17,7,2,21,6,14,6,5,18,15,16,19,19,11,10,10,19,13,7,7,18,8,18,13,10,13,8,4,16,5,17,4
24,10,16,10,21,10,6,7,13,14,13,21,16,4,14,7,6,8,21,7,21,8,11,8,16,7,13,13,7,17,9,7,19,19,20,7,20,17,2,10,14,14,13,4,13,21,6,20,17,13,19,17,19,19,17,13,7,8,9,19,9,14,7,21,4,7,2,16,8,17,7,16,5,8,7,4,9,10,18,7,21,4,21,7,7,16,8,15,15,5,8,15,21,19,19,11,15,2,5,7,2,19,2,7,13,20,19,5,15,18,5,17,20,13,10,13,8,1,16,8,16,7,7,5,17,16,21,8,10,7,14,13,8,21,7,21,7,14,13,6,2,15,8,21,7,11,2,15,7,10,7,16,15,13,7,19,21,15,20,19,10,10,4,14,13,10,15,14,2,21,21,17,7,13,15,7,7,2,15,8,13,17,14,5,2,18,7,13,7,13,7,13,8,5,18,8,21,8,17,7,2,21,6,14,6,5,18,15,16,19,19,11,10,10,19,13,4,7,14,17,8,18,13,10,13,8,2,21,6,1,4
24,10,16,10,21,16,6,7,13,13,13,16,16,10,14,13,13,7,21,2,21,7,11,15,15,7,13,18,8,18,7,7,19,5,1,3,20,16,2,10,15,14,13,4,13,21,6,20,16,15,16,17,7,19,6,13,8,9,6,19,19,15,6,7,16,4,13,2,18,8,17,7,2,5,8,7,4,9,8,21,19,21,10,1,9,7,21,2,15,6,5,8,15,16,19,19,11,15,2,6,2,19,18,5,20,7,18,5,19,20,13,10,13,8,21,16,7,16,7,7,6,17,16,21,8,10,7,14,13,8,21,7,21,7,14,13,6,2,15,8,21,7,11,2,15,7,10,7,16,7,9,8,19,21,15,20,19,10,10,2,14,13,10,15,14,2,21,21,17,19,13,15,7,7,2,15,8,13,17,14,5,2,18,7,13,7,13,7,13,8,5,18,8,21,8,17,7,7,21,6,14,6,5,18,15,16,19,19,11,10,10,19,7,9,7,20,8,18,13,10,13,8,4,16,6,17,4
24,10,16,10,21,16,6,7,13,13,13,16,16,10,14,13,2,7,21,2,21,7,11,15,15,7,13,18,8,18,7,7,19,13,1,3,20,16,2,10,15,14,13,4,13,21,13,20,16,15,16,17,7,19,5,13,7,5,4,19,19,15,5,7,16,4,13,2,18,8,17,7,2,5,9,7,4,9,8,21,19,21,10,1,9,7,21,2,15,6,5,8,15,16,19,19,11,15,2,5,21,16,5,8,15,1,14,20,13,10,13,8,8,16,8,16,7,7,5,17,16,1,8,10,7,14,21,7,21,7,16,8,14,13,10,14,15,7,17,7,11,4,7,7,10,7,21,21,3,7,5,13,4,8,19,21,19,20,19,21,10,4,14,13,10,14,14,10,21,21,17,19,6,16,7,9,2,18,7,13,16,14,5,2,18,7,13,7,13,7,13,8,5,18,8,21,4,17,7,2,16,6,15,6,5,16,13,16,19,19,11,1,10,7,17,10,16,14,20,8,18,13,10,13,8,4,16,6,17,4
24,6,16,10,21,16,6,7,13,13,13,21,16,10,14,13,13,7,21,2,21,7,11,15,15,7,13,18,8,18,7,8,19,5,1,3,20,17,2,10,15,14,13,4,9,21,6,20,16,7,15,17,5,21,15,13,5,8,19,19,14,13,7,16,4,13,2,18,8,17,7,2,6,5,15,4,9,7,21,19,21,10,1,9,7,21,2,15,13,5,8,15,16,19,19,11,15,2,13,13,5,13,19,9,19,5,19,19,13,17,5,16,20,13,10,13,8,8,16,8,16,7,7,5,17,16,1,8,10,7,14,21,7,21,14,16,8,14,13,6,14,15,7,17,7,11,2,7,7,10,7,21,21,3,7,5,13,19,3,19,21,5,20,19,21,10,4,14,13,10,7,14,10,21,21,17,19,21,13,7,9,2,15,7,13,16,14,5,2,18,8,13,7,13,7,13,8,5,18,8,21,4,17,7,2,16,6,15,6,5,16,13,16,19,19,11,1,10,15,21,10,17,21,8,18,13,13,13,8,4,16,6,17,4
24,10,16,10,21,16,6,7,13,13,13,16,16,10,14,13,2,7,21,2,21,7,11,15,15,7,13,18,8,18,7,7,19,13,1,3,20,16,2,10,15,14,13,4,13,21,6,20,16,15,16,17,7,19,5,13,13,5,10,19,19,15,5,7,16,4,13,2,18,8,17,7,2,5,9,7,4,9,8,21,19,21,10,1,9,7,21,2,8,6,5,8,15,6,19,19,11,15,2,6,21,2,16,21,20,13,10,13,8,21,16,8,16,7,7,5,17,16,1,8,10,8,14,21,7,21,7,16,8,14,2,10,14,15,7,17,7,11,4,7,7,10,7,21,21,3,7,5,13,4,8,19,21,19,20,19,21,10,4,14,13,10,14,14,10,18,21,17,19,6,16,7,9,2,18,7,13,16,14,5,2,18,7,13,7,13,7,13,8,5,18,8,21,4,17,7,2,16,6,15,6,5,16,13,16,19,19,11,1,10,7,17,10,21,14,20,8,18,13,10,13,8,4,16,6,17,4
24,10,16,10,21,16,6,7,13,13,13,16,16,10,14,13,2,7,21,2,21,7,11,15,15,7,13,18,8,18,7,7,18,15,1,3,20,16,2,10,15,14,13,4,13,21,6,20,16,15,16,17,7,19,6,13,9,9,4,19,19,15,5,15,16,4,5,2,18,7,17,7,2,5,9,7,4,9,8,21,19,21,10,1,9,7,21,2,15,6,5,8,15,16,19,18,11,15,2,21,19,13,13,9,7,13,19,20,13,10,13,8,21,16,8,16,7,7,5,17,16,1,8,10,7,14,21,7,21,14,16,8,14,13,6,14,15,7,17,7,11,2,7,7,10,7,21,21,3,9,9,15,19,9,19,21,5,20,19,21,10,4,14,13,10,7,14,10,21,21,17,19,21,13,18,17,2,15,7,13,16,14,5,2,18,7,13,7,13,7,13,8,5,18,8,21,4,17,8,2,16,6,15,6,5,16,13,16,19,19,11,1,10,15,21,10,8,14,17,8,18,13,10,13,8,2,21,6,17,4
24,10,16,10,21,16,6,7,13,13,13,16,16,10,14,13,2,7,21,2,21,7,11,15,15,7,13,18,8,18,7,7,19,15,1,3,20,16,2,10,15,14,13,4,13,21,6,20,16,8,16,17,7,19,5,15,7,9,4,19,19,15,5,7,16,4,13,2,18,8,17,7,2,5,9,7,4,9,8,21,19,21,10,1,9,7,21,2,15,6,5,8,15,16,19,19,11,15,2,18,6,13,13,18,9,19,20,13,10,13,8,21,16,8,16,7,7,5,17,16,1,8,10,7,14,21,7,21,14,16,8,14,13,6,14,15,7,17,7,11,2,7,8,10,7,21,21,10,8,9,13,19,9,19,21,5,20,19,21,10,4,14,13,10,7,14,10,21,21,17,19,21,13,7,17,2,15,7,13,16,14,5,2,18,7,13,7,13,7,13,8,5,18,8,21,4,17,7,2,16,6,15,6,5,16,13,16,19,19,11,1,10,15,21,10,8,14,19,8,18,13,10,13,8,4,16,6,17,4
24,10,16,10,21,16,6,7,13,13,13,16,16,10,14,13,2,7,21,2,21,7,11,15,15,7,13,18,8,18,7,7,18,15,1,3,20,16,2,10,15,14,13,4,13,21,6,20,16,15,16,17,7,19,5,13,9,9,4,19,19,15,5,7,16,4,5,2,18,7,17,7,2,5,9,7,4,9,8,21,19,21,10,1,9,7,21,2,15,6,5,8,15,16,19,18,11,15,7,21,19,13,13,9,7,13,19,20,13,10,13,8,21,16,8,16,7,7,5,17,16,1,8,10,7,14,21,7,21,14,16,8,14,13,6,14,15,7,17,7,11,2,7,7,10,7,21,21,3,9,9,13,19,9,19,21,5,20,19,21,10,4,14,13,10,7,14,10,21,21,17,19,21,13,18,17,2,15,7,13,16,14,5,2,18,7,13,7,13,7,13,8,5,18,8,21,4,17,8,2,16,6,15,6,5,16,13,16,19,19,11,1,10,15,21,10,8,14,17,8,18,13,10,13,8,2,21,6,17,4
24,10,16,10,21,16,6,7,13,13,13,16,16,10,14,13,2,7,21,2,21,7,11,15,15,7,13,18,8,18,7,7,19,15,1,3,20,16,2,10,15,14,13,4,13,21,6,20,16,8,16,17,7,19,5,13,7,9,4,19,19,15,5,7,16,4,13,2,18,8,17,7,2,5,9,7,4,9,8,21,19,21,10,1,9,7,21,2,15,6,5,8,15,16,19,19,11,15,2,20,6,13,13,18,9,19,20,13,10,13,8,21,16,8,16,7,7,5,9,16,1,8,10,7,14,21,7,21,14,16,8,14,13,6,14,15,7,17,7,11,2,7,8,10,7,21,21,10,8,9,13,19,9,19,21,5,20,19,21,10,4,14,13,10,7,14,10,21,21,17,19,21,13,7,17,2,15,7,13,16,14,5,2,18,7,13,7,13,7,13,8,5,18,8,21,4,17,7,2,16,6,15,6,5,16,13,16,19,19,11,1,10,15,21,10,8,14,20,8,18,13,10,13,8,4,16,6,17,4
24,10,16,10,21,16,6,7,13,13,13,16,16,10,14,13,2,7,21,2,21,7,11,15,15,7,13,18,8,18,7,2,19,15,1,3,20,16,2,10,15,7,13,4,13,21,6,20,16,15,16,17,7,19,5,13,7,9,4,19,19,15,5,7,16,4,13,2,18,8,17,7,2,5,9,7,4,9,8,21,19,21,21,1,7,7,21,2,15,6,5,8,15,16,18,19,11,15,2,13,19,5,17,21,8,13,19,14,5,19,20,13,10,13,8,21,16,8,16,7,7,5,17,10,21,8,10,7,14,7,18,21,7,15,7,16,13,5,2,16,8,17,8,11,2,15,7,10,7,17,13,2,7,21,3,20,19,10,10,4,14,13,4,15,14,4,21,21,18,4,19,15,7,10,7,21,7,13,16,14,7,2,18,7,13,7,13,7,13,8,6,18,8,21,8,17,7,7,21,10,14,6,5,18,15,8,19,19,11,3,10,7,7,2,21,14,18,8,18,13,14,13,8,4,16,5,17,4
24,10,16,10,21,16,6,7,13,13,13,16,16,10,14,13,2,7,21,2,21,7,11,15,15,7,13,18,8,18,7,9,18,13,1,3,20,16,2,10,15,14,13,4,13,21,6,20,16,15,16,17,20,19,5,15,7,9,6,9,19,15,5,15,16,4,13,2,18,8,17,7,2,5,9,7,4,9,8,21,19,21,10,1,9,7,21,2,16,6,5,8,15,16,19,19,11,15,2,5,2,8,17,18,13,16,16,21,13,5,19,20,13,10,13,8,21,16,8,16,7,7,5,17,10,1,8,10,7,14,7,7,21,7,15,7,17,13,5,2,16,8,17,8,11,2,15,7,10,5,17,2,5,19,21,13,20,19,10,10,4,14,13,4,15,14,4,21,21,17,19,13,15,7,7,21,10,7,13,16,14,7,2,18,7,13,7,13,7,13,8,6,18,8,21,8,17,7,7,21,10,14,6,5,18,15,8,19,19,11,21,10,3,9,9,19,14,18,8,18,13,10,13,8,4,16,5,17,4
24,10,16,10,21,16,6,7,13,13,13,16,16,10,14,13,2,7,21,2,21,7,11,15,15,7,13,18,8,18,7,7,19,13,17,3,20,16,2,10,15,14,13,4,13,21,6,20,16,15,16,17,20,19,5,15,7,9,4,18,3,15,5,15,16,4,13,2,18,8,17,7,2,5,9,7,4,9,8,21,19,21,10,1,9,7,21,2,15,6,5,7,15,1,19,18,11,15,2,13,4,16,15,13,1,14,6,15,18,6,17,20,13,10,13,8,21,16,8,16,7,7,5,17,10,21,8,10,7,14,7,7,21,7,15,7,16,13,5,2,16,8,17,8,11,2,15,7,10,8,17,7,2,18,21,9,20,19,10,10,4,14,13,4,15,14,4,21,21,17,19,16,15,7,7,21,10,7,13,16,14,7,2,18,7,13,7,13,7,13,8,5,18,8,21,8,17,7,7,21,10,14,6,5,18,15,8,19,19,11,10,10,7,19,7,8,21,21,7,18,13,10,13,8,4,21,6,17,4
24,10,16,10,21,16,6,7,13,13,13,16,16,10,14,13,2,7,21,2,21,7,11,15,15,7,13,18,8,18,7,19,18,13,1,3,20,16,2,10,15,14,13,4,13,21,6,20,16,15,16,17,20,19,5,15,7,9,4,19,19,15,5,15,16,4,13,2,18,8,17,7,2,5,9,7,4,9,8,21,19,21,10,1,9,7,21,2,15,6,5,8,15,16,19,19,11,15,2,5,2,8,17,18,13,16,21,21,13,5,19,20,13,10,13,8,21,16,8,16,7,7,5,17,10,1,8,10,7,14,7,7,21,7,15,7,16,13,5,2,16,8,17,8,11,2,15,7,10,13,17,2,9,6,21,13,20,19,10,10,4,14,13,4,15,14,4,21,21,17,19,13,15,7,7,21,10,7,13,16,14,7,2,18,7,13,7,13,7,13,8,6,18,8,21,8,17,7,7,21,10,14,6,5,18,16,8,19,19,11,21,10,3,9,7,19,14,18,8,18,13,10,13,8,4,16,5,16,4
24,10,16,10,21,16,6,7,13,13,13,16,16,10,14,13,2,7,21,2,21,7,11,15,15,7,13,18,8,18,7,7,19,13,1,3,20,16,2,10,15,14,13,4,13,21,6,20,16,15,16,17,20,19,5,13,7,9,4,19,19,16,5,7,16,4,13,2,18,8,17,7,2,5,9,7,4,9,8,21,19,21,10,1,9,7,21,2,15,6,5,8,15,16,19,19,11,15,2,5,2,13,19,19,5,7,13,7,19,19,1,5,19,20,13,10,13,7,21,16,8,16,7,7,5,17,10,1,8,10,7,14,7,7,16,7,15,7,16,13,5,2,16,8,17,8,11,2,15,7,10,13,17,7,8,20,21,15,20,19,10,10,4,14,13,4,15,14,4,21,21,17,19,15,15,7,17,21,10,2,13,16,14,7,2,18,7,13,7,13,7,13,8,5,18,8,21,8,17,7,7,21,10,14,6,5,18,8,8,19,19,11,10,10,15,9,7,18,14,2,8,18,13,10,13,8,4,16,6,17,4
24,10,16,10,21,16,10,7,13,15,6,16,4,4,14,13,15,7,16,4,16,7,11,4,15,7,13,19,8,18,8,13,19,19,17,3,20,16,2,10,15,14,13,10,13,21,6,20,1,13,20,17,7,14,8,7,13,15,8,13,19,15,10,9,18,10,13,2,16,8,1,8,2,5,8,7,17,8,8,15,19,1,6,21,7,2,21,2,7,5,5,8,15,16,19,19,11,15,2,5,7,9,7,16,21,19,19,19,13,1,5,16,20,13,10,13,8,8,16,8,16,7,7,5,17,6,1,8,10,7,14,7,7,21,7,15,7,16,13,5,2,16,8,17,8,11,2,15,7,10,8,17,2,2,19,21,9,20,19,10,10,4,14,13,4,15,14,4,21,21,17,19,15,15,7,7,21,10,9,15,16,14,7,2,18,7,13,7,16,7,13,8,5,18,8,21,8,17,7,7,21,10,14,6,5,18,15,8,19,19,11,10,10,7,19,7,8,14,21,8,18,13,13,13,8,4,16,13,17,2
24,10,16,10,21,16,10,7,13,15,6,16,4,4,14,13,15,7,16,4,16,7,11,4,15,7,13,19,8,18,8,7,19,19,1,3,20,16,2,10,15,14,13,10,13,21,6,20,1,13,6,17,7,14,18,13,13,2,8,9,19,9,6,4,18,4,7,2,16,8,1,8,2,5,8,7,8,7,8,16,19,1,6,21,7,7,21,2,7,6,5,8,15,16,19,19,11,15,2,6,2,14,21,19,15,7,5,21,20,13,10,13,8,8,16,8,16,7,7,5,17,10,1,8,10,7,14,7,7,21,7,15,7,16,13,5,2,16,8,17,8,11,2,15,7,10,13,17,7,7,15,21,15,20,19,10,10,4,14,13,4,15,14,4,21,21,17,19,7,15,7,19,2,19,8,13,16,14,7,2,18,7,13,7,13,7,13,8,5,18,8,18,8,17,7,7,21,10,14,6,5,17,15,8,19,19,11,10,10,2,19,7,21,20,2,8,18,13,10,13,8,4,21,6,17,4
24,10,16,10,21,16,10,7,13,15,6,16,4,4,14,13,15,7,16,4,16,7,11,4,15,7,13,19,8,18,8,13,19,19,17,3,20,16,2,10,15,14,13,10,13,21,6,20,1,13,20,17,7,14,8,7,13,15,8,13,19,15,10,9,18,10,13,2,16,8,1,8,2,5,8,7,17,8,8,15,19,1,6,21,7,2,21,2,7,5,5,8,15,16,19,19,11,15,2,6,7,9,7,16,21,19,19,19,13,1,5,16,20,13,10,13,8,8,16,8,16,7,7,5,17,6,1,8,10,7,14,7,7,21,7,15,7,16,13,5,2,16,8,17,8,11,2,15,7,10,8,17,2,2,19,21,9,20,19,10,10,4,14,13,4,15,14,4,21,21,17,19,15,15,7,7,21,10,9,15,16,14,7,2,18,7,13,7,16,7,13,8,5,18,8,21,8,17,7,7,21,10,14,6,5,18,15,8,19,19,11,10,10,7,19,7,8,14,21,8,18,13,13,13,8,4,16,13,17,2
24,10,16,10,21,16,6,7,13,13,13,16,16,10,14,13,2,7,21,2,21,7,11,15,15,7,13,18,8,18,7,7,19,13,21,3,20,16,2,10,15,14,13,4,13,21,6,20,16,7,16,17,20,19,7,13,7,19,4,19,19,15,5,15,16,10,13,2,18,8,17,7,2,5,9,7,4,9,8,21,19,21,10,1,9,7,21,2,15,6,5,8,15,16,19,19,11,15,2,6,7,8,8,16,2,13,21,5,19,20,13,10,13,8,21,16,8,16,7,7,5,17,10,1,8,10,7,14,7,7,21,7,15,7,16,13,5,2,17,8,17,8,11,10,15,7,10,5,17,7,9,18,21,9,20,19,10,10,4,14,13,4,15,14,4,21,21,17,19,5,15,7,9,21,6,8,13,16,14,7,2,18,7,13,7,13,7,13,8,5,18,8,21,8,17,7,7,21,10,14,6,5,18,15,8,19,19,11,10,10,19,5,19,21,18,8,18,13,10,13,8,4,16,5,17,4
24,10,16,10,21,16,6,7,13,13,13,16,16,10,14,13,2,7,21,2,21,7,11,15,15,7,13,18,8,18,7,7,19,13,21,3,20,16,2,10,15,14,13,4,13,21,6,20,16,7,16,17,20,19,5,13,7,19,4,19,19,15,6,7,16,10,13,2,18,8,17,7,2,5,9,7,4,9,8,21,19,21,10,1,9,7,21,2,15,6,5,8,15,16,19,19,11,15,2,6,7,8,8,16,2,13,21,5,19,20,13,10,13,8,21,16,8,16,7,7,5,17,10,1,8,10,7,14,7,7,21,7,15,7,16,13,5,2,17,8,17,8,11,10,15,7,10,5,17,7,9,18,21,9,20,19,10,10,4,14,13,4,15,14,4,21,21,17,19,5,8,7,9,21,6,8,13,16,14,7,2,18,7,13,7,13,7,13,8,5,18,8,21,8,17,7,7,21,10,14,6,5,18,15,8,19,19,11,10,10,19,5,19,21,18,8,18,13,10,13,8,4,16,5,17,4
24,6,16,10,21,10,10,7,13,14,6,21,6,4,14,13,15,7,16,4,21,7,11,4,15,7,13,19,7,18,8,13,19,9,1,9,20,16,4,10,7,3,13,4,7,21,6,20,17,13,3,17,5,14,19,19,13,5,8,7,19,9,10,4,18,2,13,4,15,8,21,8,16,5,4,7,7,7,8,15,19,1,10,21,4,7,21,8,7,6,5,7,15,16,19,19,11,16,4,13,13,19,19,13,3,20,19,18,5,16,20,13,15,13,8,8,16,8,16,7,7,5,17,10,1,8,10,7,14,7,7,21,7,15,7,21,13,6,2,16,7,21,8,11,2,15,7,10,5,17,13,7,7,21,9,20,21,10,10,13,14,5,13,8,17,4,2,21,17,19,15,8,7,7,21,5,7,13,16,14,4,2,18,7,13,7,2,7,13,7,5,19,7,21,8,17,7,7,21,6,7,6,5,18,16,5,19,19,11,21,10,19,16,7,7,14,14,8,18,13,15,13,8,4,21,6,21,4
24,10,16,10,21,16,6,7,13,13,13,16,16,10,14,13,2,7,21,2,21,7,11,15,15,7,13,18,8,18,7,9,19,16,1,3,20,16,2,10,15,14,13,4,13,21,6,20,16,15,16,17,20,19,5,13,7,9,4,19,19,15,5,7,16,4,13,2,18,8,17,7,2,5,9,7,4,9,8,21,19,21,10,1,9,7,21,2,15,6,5,8,15,16,19,19,11,8,2,6,16,19,7,7,13,20,19,5,19,13,1,5,16,20,13,10,13,8,8,16,8,16,7,7,5,17,10,1,8,10,7,14,7,7,21,7,15,7,16,13,5,2,16,8,17,8,11,2,15,7,10,13,17,2,9,5,21,13,20,19,10,10,4,14,13,4,15,14,4,2,21,17,19,15,15,7,7,21,10,7,13,16,14,7,2,18,7,13,7,13,7,13,8,6,18,8,21,8,17,7,7,21,10,14,6,5,18,15,8,19,19,11,21,10,3,19,7,19,14,2,8,18,13,10,13,8,4,16,6,16,4
24,10,16,10,21,16,6,7,13,13,13,16,16,10,14,13,2,7,21,2,21,7,11,15,15,7,13,18,8,18,7,7,18,13,1,3,20,16,2,10,15,14,13,4,13,21,6,20,16,15,17,17,20,3,5,13,7,9,4,19,19,15,5,7,16,4,13,2,18,8,17,7,2,5,9,7,4,9,8,21,19,21,10,1,7,7,21,2,15,6,5,8,15,16,19,19,11,15,2,5,21,7,1,13,13,1,5,16,20,13,10,13,8,8,16,8,16,7,7,5,17,10,1,8,10,7,14,7,7,21,7,15,7,16,13,5,2,16,8,17,15,11,2,15,7,10,9,17,17,7,19,21,9,20,19,10,10,4,14,13,4,15,14,4,18,21,17,19,8,15,7,7,21,10,7,13,16,14,7,2,18,7,13,7,13,7,13,8,5,18,8,21,8,17,7,7,21,10,14,6,5,18,15,17,19,19,11,10,10,8,19,7,8,14,21,8,18,13,13,13,8,4,16,6,17,4
24,6,16,10,21,21,6,7,13,13,13,21,16,10,14,13,13,7,21,2,21,7,11,8,15,7,13,18,8,18,7,7,19,15,1,9,20,16,2,10,15,14,13,4,13,21,6,20,16,7,15,17,7,13,7,13,13,8,8,18,19,15,5,7,16,4,13,2,18,8,17,7,2,5,9,7,2,8,8,21,19,21,10,1,9,7,21,2,15,6,5,8,15,16,19,19,11,15,4,5,21,13,20,7,5,7,19,19,19,19,19,13,1,5,16,20,13,10,13,8,8,16,8,16,7,7,5,17,10,1,8,10,18,14,7,7,21,7,15,7,16,13,5,2,16,8,17,8,11,2,15,7,10,13,17,2,9,5,21,13,20,19,10,10,4,14,13,4,15,14,4,2,21,17,19,15,15,7,2,21,3,2,13,16,14,7,2,18,7,13,7,13,7,13,8,6,18,8,21,8,17,7,7,21,10,14,6,5,18,15,8,19,19,11,21,10,3,9,7,19,14,11,7,18,13,10,13,8,4,21,6,17,4
24,10,16,10,21,16,10,7,13,15,6,16,4,4,14,13,15,7,16,4,16,7,11,4,15,7,13,19,8,18,8,5,19,19,1,3,20,16,2,10,15,14,13,10,13,21,6,20,1,13,2,16,9,14,9,2,2,13,8,8,19,9,10,4,18,6,13,2,16,8,1,8,8,5,8,7,8,7,8,15,19,1,6,21,2,7,21,2,7,5,5,8,15,16,19,19,11,15,2,15,9,20,21,5,19,20,13,10,13,8,8,16,8,16,7,7,5,17,10,1,8,10,7,14,7,7,21,7,15,7,16,13,5,2,16,8,17,8,11,7,16,7,7,7,16,7,7,17,19,21,3,20,19,10,10,4,14,13,4,15,14,4,21,21,17,19,7,8,7,9,21,15,7,13,16,14,7,2,18,7,13,7,13,7,13,8,5,18,8,21,8,17,7,7,21,10,14,6,5,18,15,8,19,19,11,10,16,19,7,13,19,14,21,8,18,13,13,13,8,4,16,6,17,4
24,10,16,10,21,16,6,7,13,13,13,16,16,10,14,13,2,7,21,2,21,7,11,15,15,7,13,18,8,18,7,7,19,13,1,3,20,16,2,10,15,14,13,4,13,21,6,20,16,15,16,17,20,19,5,13,7,9,4,19,19,15,5,7,16,4,13,2,18,8,17,7,2,5,9,7,4,9,8,21,19,21,10,1,9,7,21,2,15,6,5,8,15,16,19,19,11,15,2,5,14,2,13,15,8,21,19,19,19,19,19,13,1,5,16,20,13,10,13,8,8,16,8,16,7,7,5,17,10,1,8,10,7,14,7,7,21,7,15,7,16,13,5,2,16,8,17,8,11,2,15,7,10,7,17,9,7,19,21,5,20,19,10,10,4,14,13,4,15,14,4,21,21,17,19,15,15,7,7,21,10,7,13,16,14,7,2,18,7,13,7,13,7,13,8,5,18,8,21,8,17,7,7,21,10,14,6,5,18,15,8,19,19,11,10,10,19,19,7,8,14,18,8,18,13,14,13,8,4,16,6,17,4
24,6,16,10,21,16,6,7,13,13,13,21,16,10,14,13,13,7,21,2,21,7,11,15,15,7,13,18,8,21,7,13,5,20,17,3,20,16,2,10,15,14,13,4,13,21,6,20,16,13,6,17,7,15,15,13,13,19,8,5,19,15,5,7,16,4,13,2,18,8,17,7,15,5,8,7,4,9,8,15,19,21,10,1,9,7,21,2,15,6,5,8,15,16,19,19,11,15,2,6,7,2,16,7,18,6,15,15,1,5,19,20,13,10,13,8,21,16,8,16,7,7,5,17,10,1,8,10,7,14,7,7,21,7,15,7,16,13,5,2,16,8,17,8,11,2,15,7,10,9,17,15,8,5,16,15,20,19,10,10,4,14,13,4,15,14,4,21,21,17,19,7,15,7,18,21,19,7,13,16,14,7,2,18,7,13,7,13,7,13,8,5,18,8,21,8,17,7,7,21,10,14,6,5,18,15,8,19,19,11,10,10,7,6,14,6,14,19,8,18,13,10,13,8,4,16,6,17,4
24,10,16,10,21,16,10,7,13,15,6,16,4,4,14,13,15,7,16,4,16,7,11,4,15,7,13,19,8,18,8,13,19,19,17,3,20,16,2,10,15,14,13,21,13,21,6,20,1,13,20,17,9,14,19,7,13,13,8,8,7,15,10,4,18,10,13,2,16,8,1,8,2,5,8,7,17,7,7,15,19,1,6,21,7,2,21,2,7,5,5,8,15,16,19,19,11,15,2,6,13,13,19,21,15,21,19,13,8,5,16,20,13,10,13,8,8,16,8,16,7,7,5,17,10,1,8,10,7,14,7,7,21,7,15,7,16,13,5,2,16,8,17,8,11,2,15,7,10,13,17,7,9,19,21,15,20,18,10,10,4,14,13,4,15,14,4,7,21,17,19,15,15,7,7,21,10,7,13,16,14,7,4,18,7,13,7,13,7,13,8,5,18,8,21,8,17,7,7,21,10,14,6,5,18,15,8,19,19,11,10,10,19,7,8,19,14,18,8,18,13,14,13,8,4,16,5,17,4
24,6,16,10,21,16,6,7,13,13,13,21,16,10,14,13,13,7,21,2,21,7,11,15,15,7,13,18,8,18,7,9,19,13,17,3,20,16,2,10,15,14,13,4,13,21,6,20,16,13,20,17,8,14,5,13,13,19,8,5,19,15,5,7,16,4,13,2,18,8,17,7,15,5,8,7,4,9,8,15,19,21,10,1,9,7,21,2,15,6,5,8,15,16,19,19,11,15,2,15,13,8,21,18,15,19,20,13,10,13,8,21,16,8,16,7,7,5,17,10,1,8,10,7,14,7,7,21,7,15,7,16,13,5,2,16,8,17,8,11,2,15,7,10,5,16,7,8,15,16,15,20,19,10,10,4,14,13,4,15,14,4,21,21,17,19,7,15,7,18,21,19,7,13,16,14,7,2,18,7,13,7,13,7,13,8,5,18,8,21,8,17,7,7,21,10,14,6,5,18,15,8,19,19,11,10,10,19,19,8,8,15,8,8,18,13,10,13,8,4,16,6,17,4
24,10,16,10,21,16,6,7,13,13,13,16,16,10,14,13,2,7,21,2,21,7,11,15,15,7,13,18,8,18,7,19,18,13,1,3,20,16,2,10,15,14,13,4,13,21,6,20,16,15,16,17,20,19,5,15,7,9,4,19,19,15,5,15,16,4,13,2,18,8,17,7,2,5,9,7,4,9,8,21,19,21,10,1,9,7,21,2,15,6,5,8,15,16,19,19,11,15,2,5,13,8,17,18,13,16,21,21,13,5,19,20,13,10,13,8,21,16,8,16,7,7,5,17,10,1,8,10,7,14,7,7,21,7,15,7,17,13,5,2,16,8,17,8,11,2,15,7,10,5,17,2,5,19,21,13,20,19,10,10,4,14,13,4,15,14,4,21,21,17,19,13,15,7,7,21,10,7,13,16,14,7,2,18,7,13,7,13,7,13,8,6,18,8,21,8,17,7,7,21,10,14,6,5,18,15,8,19,19,11,21,10,3,9,9,19,14,18,8,18,13,10,13,8,4,16,5,17,4
24,10,16,10,21,16,10,7,13,8,6,16,4,4,14,13,15,7,1,4,16,7,11,4,15,7,13,19,8,18,8,7,19,19,1,3,20,16,2,10,15,14,13,10,13,21,6,20,1,13,17,17,9,14,7,13,5,7,8,7,19,15,10,4,18,10,13,2,16,8,1,8,2,5,8,7,8,9,8,16,19,1,6,21,7,7,21,2,7,6,5,8,15,1,19,19,11,15,2,5,16,6,16,2,13,17,7,3,18,5,19,20,13,10,13,8,21,16,8,16,7,7,5,17,10,1,8,10,7,14,7,7,16,7,15,7,16,13,5,2,16,8,17,8,11,2,15,7,10,13,17,7,9,20,21,15,20,19,10,10,4,14,13,8,15,14,4,21,21,17,19,15,15,7,7,21,10,7,13,16,14,7,2,18,7,13,7,13,7,13,8,5,18,8,21,8,17,7,7,21,10,14,6,5,18,15,8,19,19,11,10,10,15,9,7,18,14,18,8,18,13,14,13,8,4,16,5,17,4
24,6,16,10,21,16,10,7,13,15,6,16,4,4,14,13,6,7,21,4,17,7,11,4,13,7,13,19,7,18,8,7,19,20,17,13,20,16,2,10,1,14,13,4,13,21,6,20,1,13,17,17,19,14,13,5,15,5,8,2,19,7,14,7,18,10,13,10,16,8,17,7,15,5,4,7,17,7,8,15,19,21,10,20,7,7,21,4,15,7,5,8,15,1,19,18,11,15,2,2,2,10,13,17,20,13,5,15,21,5,18,20,13,10,13,8,21,16,8,16,7,7,6,17,16,1,8,10,7,14,15,8,21,7,16,7,14,13,6,2,15,8,21,7,11,2,15,7,10,7,16,7,7,9,21,15,20,18,10,10,4,14,13,10,15,14,2,21,21,17,19,13,15,7,8,2,15,8,13,17,14,15,2,18,7,13,7,13,7,13,8,6,18,8,21,8,17,7,7,21,10,14,6,5,18,15,16,19,19,11,21,10,5,9,9,20,14,14,8,18,13,10,13,8,4,16,5,17,4
24,10,16,10,21,16,10,7,13,15,6,16,4,4,14,13,15,7,16,4,16,7,11,4,15,7,13,19,8,18,8,7,19,19,1,7,20,16,2,10,15,14,13,10,13,21,6,20,1,13,17,17,3,14,7,13,13,5,8,8,19,15,10,4,18,10,13,2,16,8,1,8,2,5,8,7,8,7,8,16,19,1,6,21,7,7,21,2,7,6,5,8,15,16,19,19,11,15,2,13,13,17,4,21,20,21,3,18,5,19,20,13,10,13,8,21,16,8,16,7,7,10,7,16,21,8,10,14,14,7,15,7,13,8,14,13,10,2,16,8,17,7,11,7,13,7,2,7,9,17,13,7,9,18,16,9,20,19,10,10,21,14,13,8,15,14,4,21,21,17,19,8,9,9,10,2,14,7,13,16,14,5,2,18,7,13,7,4,7,13,8,7,15,7,21,15,17,7,13,21,10,7,6,5,6,15,5,19,19,11,15,16,20,5,5,7,21,9,13,20,16,18,13,13,13,8,4,21,8,16,21
